3.000000000000000000e+00 2.000000000000000000e+00 1.000000000000000000e+00 6.666666666666666297e-01 5.000000000000000000e-01 4.000000000000000222e-01 3.333333333333333148e-01 2.857142857142856984e-01 2.500000000000000000e-01 2.222222222222222099e-01
2.000000000000000000e+00 3.000000000000000000e+00 2.000000000000000000e+00 1.000000000000000000e+00 6.666666666666666297e-01 5.000000000000000000e-01 4.000000000000000222e-01 3.333333333333333148e-01 2.857142857142856984e-01 2.500000000000000000e-01
1.000000000000000000e+00 2.000000000000000000e+00 3.000000000000000000e+00 2.000000000000000000e+00 1.000000000000000000e+00 6.666666666666666297e-01 5.000000000000000000e-01 4.000000000000000222e-01 3.333333333333333148e-01 2.857142857142856984e-01
6.666666666666666297e-01 1.000000000000000000e+00 2.000000000000000000e+00 3.000000000000000000e+00 2.000000000000000000e+00 1.000000000000000000e+00 6.666666666666666297e-01 5.000000000000000000e-01 4.000000000000000222e-01 3.333333333333333148e-01
5.000000000000000000e-01 6.666666666666666297e-01 1.000000000000000000e+00 2.000000000000000000e+00 3.000000000000000000e+00 2.000000000000000000e+00 1.000000000000000000e+00 6.666666666666666297e-01 5.000000000000000000e-01 4.000000000000000222e-01
4.000000000000000222e-01 5.000000000000000000e-01 6.666666666666666297e-01 1.000000000000000000e+00 2.000000000000000000e+00 3.000000000000000000e+00 2.000000000000000000e+00 1.000000000000000000e+00 6.666666666666666297e-01 5.000000000000000000e-01
3.333333333333333148e-01 4.000000000000000222e-01 5.000000000000000000e-01 6.666666666666666297e-01 1.000000000000000000e+00 2.000000000000000000e+00 3.000000000000000000e+00 2.000000000000000000e+00 1.000000000000000000e+00 6.666666666666666297e-01
2.857142857142856984e-01 3.333333333333333148e-01 4.000000000000000222e-01 5.000000000000000000e-01 6.666666666666666297e-01 1.000000000000000000e+00 2.000000000000000000e+00 3.000000000000000000e+00 2.000000000000000000e+00 1.000000000000000000e+00
2.500000000000000000e-01 2.857142857142856984e-01 3.333333333333333148e-01 4.000000000000000222e-01 5.000000000000000000e-01 6.666666666666666297e-01 1.000000000000000000e+00 2.000000000000000000e+00 3.000000000000000000e+00 2.000000000000000000e+00
2.222222222222222099e-01 2.500000000000000000e-01 2.857142857142856984e-01 3.333333333333333148e-01 4.000000000000000222e-01 5.000000000000000000e-01 6.666666666666666297e-01 1.000000000000000000e+00 2.000000000000000000e+00 3.000000000000000000e+00
