1.000000000000000000e+00 5.461103088216298085e-01
2.000000000000000000e+00 4.198743483939996857e+00
3.000000000000000000e+00 8.837977942655847130e+00
4.000000000000000000e+00 1.156874997614708533e+01
5.000000000000000000e+00 1.317514608712661861e+01
6.000000000000000000e+00 1.532756833628926429e+01
7.000000000000000000e+00 1.818111214512045848e+01
8.000000000000000000e+00 2.167275034242752696e+01
9.000000000000000000e+00 2.365796427132315571e+01
1.000000000000000000e+01 2.476407035599111595e+01
